0 100
0.05 95.0
0.1 90.25
0.15000000000000002 85.7375
0.2 81.450625
0.25 77.37809375
0.3 73.5091890625
0.35 69.833729609375
0.39999999999999997 66.34204312890625
0.44999999999999996 63.02494097246094
0.49999999999999994 59.87369392383789
0.5499999999999999 56.880009227646
0.6 54.0360087662637
0.65 51.33420832795051
0.7000000000000001 48.76749791155299
0.7500000000000001 46.329123015975334
0.8000000000000002 44.01266686517657
0.8500000000000002 41.81203352191774
0.9000000000000002 39.721431845821854
0.9500000000000003 37.735360253530764
1.0000000000000002 35.848592240854224
1.0500000000000003 34.056162628811514
1.1000000000000003 32.35335449737094
1.1500000000000004 30.73568677250239
1.2000000000000004 29.198902433877272
1.2500000000000004 27.73895731218341
1.3000000000000005 26.35200944657424
1.3500000000000005 25.034408974245526
1.4000000000000006 23.78268852553325
1.4500000000000006 22.593554099256586
1.5000000000000007 21.463876394293756
1.5500000000000007 20.390682574579067
1.6000000000000008 19.371148445850114
1.6500000000000008 18.40259102355761
1.7000000000000008 17.48246147237973
1.7500000000000009 16.608338398760743
1.800000000000001 15.777921478822707
1.850000000000001 14.989025404881572
1.900000000000001 14.239574134637493
1.950000000000001 13.527595427905618
2.000000000000001 12.851215656510337
2.0500000000000007 12.208654873684821
2.1000000000000005 11.59822213000058
2.1500000000000004 11.018311023500551
2.2 10.467395472325524
2.25 9.944025698709249
2.3 9.446824413773786
2.3499999999999996 8.974483193085097
2.3999999999999995 8.525759033430843
2.4499999999999993 8.099471081759301
2.499999999999999 7.694497527671336
2.549999999999999 7.309772651287769
2.5999999999999988 6.944284018723381
2.6499999999999986 6.597069817787212
2.6999999999999984 6.267216326897851
2.7499999999999982 5.953855510552959
2.799999999999998 5.656162735025311
2.849999999999998 5.373354598274045
2.8999999999999977 5.104686868360343
2.9499999999999975 4.8494525249423255
2.9999999999999973 4.606979898695209
3.049999999999997 4.376630903760448
3.099999999999997 4.157799358572426
3.149999999999997 3.9499093906438043
3.1999999999999966 3.7524139211116143
3.2499999999999964 3.5647932250560337
3.2999999999999963 3.386553563803232
3.349999999999996 3.21722588561307
3.399999999999996 3.0563645913324167
3.4499999999999957 2.903546361765796
3.4999999999999956 2.758369043677506
3.5499999999999954 2.620450591493631
3.599999999999995 2.4894280619189493
3.649999999999995 2.3649566588230018
3.699999999999995 2.2467088258818517
3.7499999999999947 2.134373384587759
3.7999999999999945 2.0276547153583713
3.8499999999999943 1.9262719795904526
3.899999999999994 1.8299583806109299
3.949999999999994 1.7384604615803834
3.999999999999994 1.6515374385013641
4.049999999999994 1.568960566576296
4.099999999999993 1.490512538247481
4.149999999999993 1.4159869113351071
4.199999999999993 1.3451875657683519
4.249999999999993 1.2779281874799342
4.299999999999993 1.2140317781059375
4.3499999999999925 1.1533301892006407
4.399999999999992 1.0956636797406087
4.449999999999992 1.0408804957535782
4.499999999999992 0.9888364709658993
4.549999999999992 0.9393946474176044
4.599999999999992 0.8924249150467242
4.6499999999999915 0.847803669294388
4.699999999999991 0.8054134858296687
4.749999999999991 0.7651428115381852
4.799999999999991 0.7268856709612759
4.849999999999991 0.690541387413212
4.899999999999991 0.6560143180425514
4.94999999999999 0.6232136021404239
4.99999999999999 0.5920529220334027
5.04999999999999 0.5624502759317325
5.09999999999999 0.5343277621351459
5.14999999999999 0.5076113740283886
5.1999999999999895 0.4822308053269692
5.249999999999989 0.45811926506062073
5.299999999999989 0.4352133018075897
5.349999999999989 0.4134526367172102
5.399999999999989 0.39278000488134973
5.449999999999989 0.3731410046372822
5.4999999999999885 0.35448395440541813
5.549999999999988 0.33675975668514724
5.599999999999988 0.31992176885088985
5.649999999999988 0.30392568040834533
5.699999999999988 0.28872939638792805
5.749999999999988 0.27429292656853166
5.799999999999987 0.2605782802401051
5.849999999999987 0.24754936622809984
5.899999999999987 0.23517189791669485
5.949999999999987 0.2234133030208601
5.999999999999987 0.2122426378698171
6.0499999999999865 0.20163050597632623
6.099999999999986 0.19154898067750992
6.149999999999986 0.18197153164363442
6.199999999999986 0.1728729550614527
6.249999999999986 0.16422930730838006
6.299999999999986 0.15601784194296106
6.349999999999985 0.14821694984581302
6.399999999999985 0.14080610235352237
6.449999999999985 0.13376579723584625
6.499999999999985 0.12707750737405393
6.549999999999985 0.12072363200535123
6.5999999999999845 0.11468745040508367
6.649999999999984 0.10895307788482948
6.699999999999984 0.10350542399058801
6.749999999999984 0.09833015279105861
6.799999999999984 0.09341364515150569
6.849999999999984 0.0887429628939304
6.8999999999999835 0.08430581474923388
6.949999999999983 0.08009052401177218
6.999999999999983 0.07608599781118357
7.049999999999983 0.07228169792062439
7.099999999999983 0.06866761302459316
7.149999999999983 0.06523423237336351
7.199999999999982 0.06197252075469534
7.249999999999982 0.05887389471696057
7.299999999999982 0.05593019998111254
7.349999999999982 0.05313368998205691
7.399999999999982 0.050477005482954064
7.4499999999999815 0.04795315520880636
7.499999999999981 0.04555549744836604
7.549999999999981 0.04327772257594774
7.599999999999981 0.04111383644715035
7.649999999999981 0.03905814462479283
7.699999999999981 0.03710523739355319
7.7499999999999805 0.03524997552387553
7.79999999999998 0.03348747674768175
7.84999999999998 0.031813102910297666
7.89999999999998 0.030222447764782782
7.94999999999998 0.028711325376543643
7.99999999999998 0.02727575910771646
8.04999999999998 0.025911971152330637
8.09999999999998 0.024616372594714105
8.14999999999998 0.0233855539649784
8.199999999999982 0.02221627626672948
8.249999999999982 0.021105462453393006
8.299999999999983 0.020050189330723354
8.349999999999984 0.019047679864187185
8.399999999999984 0.018095295870977825
8.449999999999985 0.017190531077428933
8.499999999999986 0.016331004523557485
8.549999999999986 0.015514454297379611
8.599999999999987 0.01473873158251063
8.649999999999988 0.014001795003385099
8.699999999999989 0.013301705253215845
8.74999999999999 0.012636619990555053
8.79999999999999 0.0120047889910273
8.84999999999999 0.011404549541475935
8.899999999999991 0.010834322064402139
8.949999999999992 0.010292605961182031
8.999999999999993 0.00977797566312293
9.049999999999994 0.009289076879966784
9.099999999999994 0.008824623035968444
9.149999999999995 0.008383391884170022
9.199999999999996 0.007964222289961522
9.249999999999996 0.007566011175463446
9.299999999999997 0.007187710616690273
9.349999999999998 0.00682832508585576
9.399999999999999 0.006486908831562972
9.45 0.006162563389984823
9.5 0.005854435220485582
9.55 0.005561713459461303
9.600000000000001 0.005283627786488237
9.650000000000002 0.005019446397163826
9.700000000000003 0.004768474077305634
9.750000000000004 0.004530050373440352
9.800000000000004 0.004303547854768335
9.850000000000005 0.004088370462029918
9.900000000000006 0.003883951938928422
9.950000000000006 0.003689754341982001
10.000000000000007 0.0035052666248829006
