0 100
0.05 98.33333333333333
0.1 96.69444444444444
0.15000000000000002 95.08287037037037
0.2 93.49815586419753
0.25 91.9398532664609
0.3 90.40752237868655
0.35 88.90073033904177
0.39999999999999997 87.41905150005775
0.44999999999999996 85.96206730839012
0.49999999999999994 84.52936618658362
0.5499999999999999 83.12054341680722
0.6 81.73520102652711
0.65 80.37294767608499
0.7000000000000001 79.03339854815025
0.7500000000000001 77.7161752390144
0.8000000000000002 76.4209056516975
0.8500000000000002 75.14722389083587
0.9000000000000002 73.89477015932195
0.9500000000000003 72.66319065666659
1.0000000000000002 71.45213747905548
1.0500000000000003 70.26126852107122
1.1000000000000003 69.09024737905337
1.1500000000000004 67.93874325606915
1.2000000000000004 66.806430868468
1.2500000000000004 65.69299035399354
1.3000000000000005 64.59810718142698
1.3500000000000005 63.52147206173653
1.4000000000000006 62.46278086070759
1.4500000000000006 61.42173451302913
1.5000000000000007 60.398038937811975
1.5500000000000007 59.39140495551511
1.6000000000000008 58.40154820625652
1.6500000000000008 57.428189069485576
1.7000000000000008 56.47105258499415
1.7500000000000009 55.52986837524425
1.800000000000001 54.60437056899018
1.850000000000001 53.69429772617367
1.900000000000001 52.79939276407078
1.950000000000001 51.9194028846696
2.000000000000001 51.05407950325844
2.0500000000000007 50.20317817820413
2.1000000000000005 49.366458541900734
2.1500000000000004 48.543684232869055
2.2 47.7346228289879
2.25 46.939045781838104
2.3 46.1567283521408
2.3499999999999996 45.38744954627179
2.3999999999999995 44.63099205383393
2.4499999999999993 43.887142186270026
2.499999999999999 43.15568981649886
2.549999999999999 42.43642831955721
2.5999999999999988 41.729154514231254
2.6499999999999986 41.033668605660736
2.6999999999999984 40.349774128899725
2.7499999999999982 39.677277893418065
2.799999999999998 39.015989928527766
2.849999999999998 38.36572342971897
2.8999999999999977 37.72629470589032
2.9499999999999975 37.097523127458814
2.9999999999999973 36.4792310753345
3.049999999999997 35.871243890745596
3.099999999999997 35.273389825899834
3.149999999999997 34.68549999546817
3.1999999999999966 34.107408328877035
3.2499999999999964 33.53895152339575
3.2999999999999963 32.97996899800582
3.349999999999996 32.43030284803906
3.399999999999996 31.889797800571746
3.4499999999999957 31.358301170562218
3.4999999999999956 30.835662817719513
3.5499999999999954 30.321735104090855
3.599999999999995 29.816372852356007
3.649999999999995 29.31943330481674
3.699999999999995 28.830776083069797
3.7499999999999947 28.350263148351967
3.7999999999999945 27.8777587625461
3.8499999999999943 27.413129449837
3.899999999999994 26.956243959006386
3.949999999999994 26.50697322635628
3.999999999999994 26.065190339250343
4.049999999999994 25.630770500262837
4.099999999999993 25.20359099192512
4.149999999999993 24.783531142059704
4.199999999999993 24.370472289692042
4.249999999999993 23.96429775153051
4.299999999999993 23.564892789005
4.3499999999999925 23.17214457585492
4.399999999999992 22.785942166257335
4.449999999999992 22.40617646348638
4.499999999999992 22.032740189094937
4.549999999999992 21.665527852610023
4.599999999999992 21.30443572173319
4.6499999999999915 20.949361793037635
4.699999999999991 20.600205763153674
4.749999999999991 20.256869000434445
4.799999999999991 19.919254517093872
4.849999999999991 19.587266941808974
4.899999999999991 19.260812492778825
4.94999999999999 18.93979895123251
4.99999999999999 18.624135635378636
5.04999999999999 18.313733374788992
5.09999999999999 18.008504485209176
5.14999999999999 17.708362743789024
5.1999999999999895 17.413223364725873
5.249999999999989 17.123002975313774
5.299999999999989 16.837619592391878
5.349999999999989 16.556992599185346
5.399999999999989 16.281042722532256
5.449999999999989 16.009692010490053
5.4999999999999885 15.74286381031522
5.549999999999988 15.480482746809965
5.599999999999988 15.2224747010298
5.649999999999988 14.96876678934597
5.699999999999988 14.719287342856871
5.749999999999988 14.47396588714259
5.799999999999987 14.23273312235688
5.849999999999987 13.995520903650931
5.899999999999987 13.762262221923415
5.949999999999987 13.532891184891358
5.999999999999987 13.307342998476502
6.0499999999999865 13.085553948501893
6.099999999999986 12.867461382693529
6.149999999999986 12.65300369298197
6.199999999999986 12.442120298098938
6.249999999999986 12.234751626463956
6.299999999999986 12.030839099356223
6.349999999999985 11.830325114366953
6.399999999999985 11.633153029127504
6.449999999999985 11.439267145308712
6.499999999999985 11.2486126928869
6.549999999999985 11.061135814672118
6.5999999999999845 10.876783551094249
6.649999999999984 10.695503825242678
6.699999999999984 10.5172454281553
6.749999999999984 10.341958004352712
6.799999999999984 10.1695920376135
6.849999999999984 10.000098836986608
6.8999999999999835 9.833430523036832
6.949999999999983 9.669540014319551
6.999999999999983 9.508381014080893
7.049999999999983 9.349907997179544
7.099999999999983 9.194076197226552
7.149999999999983 9.040841593939444
7.199999999999982 8.89016090070712
7.249999999999982 8.741991552362
7.299999999999982 8.596291693155967
7.349999999999982 8.453020164936701
7.399999999999982 8.31213649552109
7.4499999999999815 8.173600887262404
7.499999999999981 8.037374205808032
7.549999999999981 7.903417969044565
7.599999999999981 7.7716943362271556
7.649999999999981 7.642166097290036
7.699999999999981 7.514796662335202
7.7499999999999805 7.389550051296283
7.79999999999998 7.266390883774678
7.84999999999998 7.1452843690451
7.89999999999998 7.026196296227681
7.94999999999998 6.909093024623886
7.99999999999998 6.793941474213488
8.04999999999998 6.68070911630993
8.09999999999998 6.569363964371431
8.14999999999998 6.45987456496524
8.199999999999982 6.352209988882486
8.249999999999982 6.2463398224011115
8.299999999999983 6.142234158694427
8.349999999999984 6.039863589382853
8.399999999999984 5.939199196226472
8.449999999999985 5.8402125429560305
8.499999999999986 5.742875667240097
8.549999999999986 5.647161072786095
8.599999999999987 5.553041721572994
8.649999999999988 5.460491026213444
8.699999999999989 5.36948284244322
8.74999999999999 5.279991461735833
8.79999999999999 5.191991604040235
8.84999999999999 5.105458410639565
8.899999999999991 5.020367437128905
8.949999999999992 4.93669464651009
8.999999999999993 4.854416402401588
9.049999999999994 4.773509462361561
9.099999999999994 4.693950971322202
9.149999999999995 4.615718455133499
9.199999999999996 4.538789814214607
9.249999999999996 4.46314331731103
9.299999999999997 4.388757595355846
9.349999999999998 4.315611635433249
9.399999999999999 4.243684774842695
9.45 4.172956695261983
9.5 4.103407417007617
9.55 4.0350172933908235
9.600000000000001 3.967767005167643
9.650000000000002 3.9016375550815154
9.700000000000003 3.8366102624968237
9.750000000000004 3.7726667581218765
9.800000000000004 3.7097889788198453
9.850000000000005 3.647959162506181
9.900000000000006 3.587159843131078
9.950000000000006 3.52737384574556
10.000000000000007 3.4685842816498007
